FILE: B1.01
50 100 0
1 1701 37 257 592 482 297 356 74 863 786 784 786 665 352 647 436 545 716 910 927 335 122 858 327 799 340 656 555 684 112 246 608 12 635 277 699 86 176 312 120 191 405 6 203 438 559 491 196 738 5 679 422 369 315 705 546 98 446 226 302 338 100 799 522 295 883 47 820 592 339 849 752 324 462 253 820 12 771 346 151 439 555 792 200 822 365 256 311 298 364 441 496 183 614 950 261 990 904 683 827 654 
2 2839 16 602 944 353 444 219 536 53 940 21 699 788 723 303 84 735 669 178 562 288 82 394 600 267 38 965 131 415 21 936 393 280 83 147 700 68 222 327 622 564 224 368 535 717 669 119 11 981 324 544 27 5 648 593 439 762 621 620 719 728 616 705 401 173 538 709 211 194 944 415 355 557 364 601 931 952 543 380 929 757 818 655 794 896 359 35 17 901 477 55 726 747 740 38 740 579 88 452 65 908 
3 7203 95 288 378 748 969 844 694 978 160 633 805 968 595 937 938 150 7 122 577 602 943 89 972 386 182 938 291 658 385 819 983 253 327 441 467 980 567 197 738 325 878 387 965 807 297 496 699 679 137 9 776 210 799 717 496 264 727 992 195 393 360 998 784 152 412 306 359 884 334 883 475 655 296 921 169 591 532 480 343 320 400 403 579 734 984 487 3 804 608 370 269 655 74 95 271 621 994 839 681 503 
4 1464 761 886 755 521 438 443 791 921 868 625 166 112 496 162 826 702 244 776 154 102 6 586 27 65 573 998 610 64 470 153 100 344 663 550 134 2 607 908 98 924 606 896 30 934 950 792 358 0 803 686 181 832 305 314 309 718 863 112 794 953 93 593 152 683 386 636 18 534 567 776 422 846 611 100 443 871 897 831 419 770 946 202 471 763 139 712 521 260 366 353 561 338 75 908 361 380 699 910 351 254 
5 9319 356 892 838 767 775 654 272 935 735 318 747 424 385 327 204 851 136 900 762 451 58 21 239 249 101 643 593 336 728 799 642 755 48 856 891 928 53 632 827 132 54 580 509 960 890 774 808 249 32 902 139 455 153 2 21 917 269 136 323 4 44 743 525 604 347 880 843 915 659 65 575 26 431 954 480 241 966 553 573 614 943 205 148 685 162 50 391 851 602 193 414 375 403 284 69 484 841 747 374 518 
6 9213 358 893 622 603 401 925 925 455 125 839 694 505 701 394 415 199 432 401 290 384 390 554 93 944 243 789 879 214 463 8 499 725 636 506 395 401 108 955 640 794 669 289 704 446 505 321 890 976 130 445 944 992 518 275 767 401 159 541 738 241 250 113 584 604 743 480 286 749 474 524 981 12 83 954 330 589 947 219 323 796 848 264 989 898 590 953 978 100 289 523 482 793 548 901 471 650 240 226 710 666 
7 2098 428 512 734 985 203 726 852 579 223 894 555 8 940 73 666 836 807 274 961 610 280 998 832 18 427 826 557 409 500 545 264 890 311 766 177 710 753 515 244 169 308 754 744 749 898 309 957 704 901 173 501 816 700 645 416 538 590 283 613 250 399 141 749 837 656 244 152 313 662 788 870 706 297 21 449 931 910 283 523 863 142 161 825 321 13 248 697 205 133 446 699 481 365 317 420 241 792 418 64 566 
8 4020 106 929 396 854 784 348 133 90 46 210 198 280 693 637 258 795 101 918 337 644 886 291 539 185 360 670 597 893 726 913 963 518 498 711 665 488 99 712 649 895 119 958 815 910 192 233 478 964 968 420 467 551 144 457 581 988 24 987 619 974 577 290 712 301 462 602 158 550 991 409 497 127 493 801 39 470 51 500 552 782 82 633 350 130 731 861 481 248 535 951 242 896 346 381 745 119 963 82 736 238 
9 5086 897 410 931 626 868 411 242 630 924 768 857 143 85 958 498 123 760 832 781 585 237 617 362 380 968 708 750 438 723 483 590 450 231 840 796 446 378 693 352 260 580 133 137 321 395 481 618 768 3 947 748 336 614 114 920 993 423 969 315 791 193 698 490 911 56 960 555 349 648 866 769 238 139 375 916 254 277 331 294 82 34 857 655 419 943 324 962 467 715 615 281 394 251 902 667 737 616 660 384 200 
10 1788 128 306 834 865 937 833 49 537 135 175 450 892 312 349 934 179 55 722 54 404 448 456 89 752 831 689 796 743 549 804 333 197 897 621 281 618 985 868 283 78 741 755 224 208 780 23 448 374 334 280 976 645 992 994 186 644 443 973 928 867 955 678 549 575 810 215 786 848 399 346 1 895 215 371 727 208 448 213 998 669 407 558 421 188 490 392 464 969 913 778 937 9 925 215 122 910 722 431 522 601 
11 8050 935 714 74 843 202 249 710 223 797 90 303 739 322 546 374 902 489 171 862 636 204 600 786 223 966 790 987 706 458 632 518 455 649 406 800 127 273 50 127 729 1 698 605 12 182 479 141 907 471 24 552 224 199 659 408 335 826 762 683 56 328 225 830 455 844 528 349 790 451 359 467 309 390 266 1 129 593 316 18 904 866 207 363 510 552 828 678 462 34 715 971 283 916 383 365 541 219 0 89 773 
12 5047 371 328 26 875 705 9 211 851 119 128 9 544 376 712 544 896 789 992 527 173 797 914 118 943 153 543 187 818 209 485 237 822 254 906 662 712 396 240 597 99 924 191 59 723 652 108 595 710 190 343 170 170 621 672 508 971 554 379 591 28 13 94 559 969 141 988 715 499 187 401 846 322 730 515 607 961 627 155 151 313 651 315 750 294 273 498 622 407 571 481 665 581 737 568 338 133 136 956 404 177 
13 4591 291 735 347 508 8 927 161 362 553 919 871 761 85 345 161 303 738 847 502 159 51 41 552 177 650 389 400 311 785 666 33 816 804 260 849 199 167 11 570 386 93 824 393 74 428 752 726 734 833 787 351 241 885 73 360 597 181 748 702 707 45 158 696 695 926 634 342 709 85 569 778 696 659 12 730 117 707 486 293 55 315 267 892 710 371 828 766 727 91 668 811 333 897 255 140 760 739 293 188 915 
14 5037 32 721 759 232 844 579 382 884 780 506 225 814 330 907 428 494 97 877 769 408 621 347 167 99 49 682 205 416 887 590 663 537 546 676 511 885 903 480 334 512 589 354 672 50 236 21 223 830 386 144 393 251 298 770 156 2 352 982 691 227 287 596 768 225 980 265 355 784 989 815 403 737 584 170 292 838 466 704 895 549 923 359 737 833 610 387 217 548 697 46 348 532 584 97 11 979 918 453 164 189 
15 2103 813 989 301 154 631 449 88 719 269 210 416 651 660 409 462 686 346 233 276 333 221 777 789 85 828 145 862 666 550 279 456 539 544 461 539 409 757 978 802 913 874 905 790 236 529 484 540 872 640 59 318 228 201 44 547 318 369 890 527 246 209 512 31 698 923 158 379 178 912 181 76 184 518 685 622 59 790 507 561 734 107 515 399 69 20 688 449 29 141 936 224 400 427 140 457 273 709 384 342 6 
16 8231 830 102 887 47 223 457 222 612 491 114 59 425 393 837 263 59 714 231 181 411 940 795 589 544 913 369 160 504 417 547 159 482 164 162 597 148 162 436 545 507 918 880 848 121 453 547 934 40 596 726 959 289 529 677 993 244 46 497 471 754 498 701 621 345 892 634 106 355 113 291 567 332 740 637 325 560 422 34 926 32 276 856 764 730 298 900 510 556 225 663 537 749 841 108 96 130 191 991 425 41 
17 6897 350 545 287 377 254 932 956 997 398 800 444 168 642 218 530 812 87 756 852 603 784 911 622 628 666 4 921 708 796 786 427 337 532 456 915 715 695 327 363 845 335 839 31 152 194 160 331 604 456 67 847 804 871 359 351 9 865 486 143 558 709 636 577 676 353 994 104 114 16 389 681 600 131 42 893 577 719 648 618 176 818 499 600 919 28 872 756 101 791 401 567 324 483 643 396 159 920 574 85 398 
18 4337 217 653 865 668 127 470 260 516 959 720 997 578 823 515 509 453 656 503 994 121 327 307 60 964 695 637 241 935 328 432 863 1 125 865 213 422 531 550 490 978 590 810 507 735 532 338 602 437 135 100 744 129 561 820 285 92 896 892 344 695 108 66 271 248 649 748 183 462 411 261 22 593 254 903 114 882 837 160 696 367 955 900 375 679 118 909 991 901 570 601 862 87 482 247 856 543 543 576 286 450 
19 6776 77 79 941 886 861 195 204 666 415 758 721 979 98 881 232 733 719 636 520 260 46 155 597 742 583 317 412 779 466 999 644 815 814 356 698 637 386 95 482 669 881 224 72 288 734 226 841 857 738 147 168 727 352 553 300 893 23 825 475 548 381 770 893 245 635 13 630 878 27 128 90 212 681 996 87 182 692 340 154 663 799 921 162 952 488 355 867 662 861 17 445 261 126 15 641 963 44 682 600 199 
20 2579 578 995 381 279 448 528 182 699 124 410 41 79 823 911 133 269 828 563 494 734 2 131 545 350 118 927 717 888 462 565 408 65 696 758 981 485 422 247 24 326 446 446 601 98 186 916 689 350 208 245 554 624 356 433 248 546 432 382 976 360 922 573 532 775 702 535 534 453 228 193 667 987 145 689 669 721 813 775 256 233 701 366 723 856 121 346 436 51 279 231 928 997 97 768 817 229 787 74 282 678 
21 6809 408 285 943 26 162 293 154 975 178 688 262 479 971 603 98 813 959 395 45 951 294 478 677 493 387 728 193 106 718 186 2 920 26 273 293 866 480 239 949 412 909 61 626 685 700 514 362 414 454 628 552 706 983 252 624 86 761 948 277 789 403 926 608 771 279 244 986 407 854 989 2 334 845 666 356 429 786 495 5 374 107 857 440 773 305 593 405 318 314 379 935 929 658 900 26 382 487 29 810 362 
22 1783 748 552 416 957 16 328 793 55 303 728 612 288 23 421 350 860 562 932 100 565 142 463 591 609 224 126 408 69 679 400 413 575 437 181 806 312 840 261 824 929 415 572 519 460 287 51 600 843 942 458 814 126 577 5 808 972 735 125 972 534 464 231 210 311 695 816 119 67 87 719 540 421 26 927 949 182 27 727 660 40 232 582 309 702 241 544 582 59 987 581 664 488 871 627 371 878 883 727 438 477 
23 9332 110 927 141 50 523 231 104 840 695 633 835 650 246 903 93 913 910 883 774 253 398 545 627 607 750 485 456 78 529 316 886 741 682 940 289 118 435 157 971 544 39 590 201 134 736 383 193 587 776 650 617 525 822 145 744 598 610 108 816 77 178 774 735 140 532 502 662 584 82 992 621 171 691 572 709 339 683 4 988 479 657 792 680 513 445 461 724 988 59 765 324 395 977 302 559 946 597 505 649 515 
24 3040 468 988 977 424 590 520 641 58 491 560 21 914 185 649 648 200 960 546 140 794 950 941 267 570 859 984 201 659 811 233 702 974 786 97 433 857 620 393 132 179 37 82 867 750 674 804 77 365 576 284 636 353 125 219 644 947 872 733 167 344 250 990 652 775 615 68 231 451 610 676 626 708 304 824 886 214 74 19 667 563 715 104 277 121 722 306 199 441 238 620 324 121 620 93 592 424 94 114 281 512 
25 5294 314 653 648 422 146 169 196 168 762 4 759 248 266 81 324 141 943 323 728 321 555 371 305 688 304 465 56 830 544 712 188 103 845 463 349 991 506 23 432 708 94 393 262 518 125 287 35 751 464 124 828 956 540 227 50 191 983 937 155 899 757 870 473 344 401 24 502 79 452 976 500 413 670 856 725 335 130 351 166 890 798 430 105 444 671 27 359 833 80 390 545 845 250 322 204 20 706 24 143 223 
26 6659 774 823 973 738 136 146 977 820 949 478 863 467 788 268 557 139 126 76 288 143 924 394 683 610 852 60 922 81 869 652 429 771 381 669 46 142 693 864 193 833 976 573 947 587 463 367 536 227 99 890 199 309 361 215 893 521 466 567 811 437 683 753 170 712 980 145 259 317 706 564 199 898 544 896 385 868 439 798 88 314 738 331 175 313 239 864 428 757 384 91 414 281 310 511 389 376 974 207 207 293 
27 1678 274 680 836 985 737 389 614 420 299 391 871 55 776 798 481 815 541 707 190 48 845 428 714 312 339 500 779 984 653 455 695 415 367 791 566 850 230 142 720 826 955 92 462 280 444 616 733 66 790 618 782 118 884 519 430 971 991 382 36 849 122 534 740 63 557 154 98 908 352 793 680 799 190 305 748 862 399 146 585 687 498 519 591 473 107 322 717 285 565 385 351 628 101 948 239 73 903 861 535 146 
28 9322 461 577 197 776 614 480 469 547 874 145 91 896 234 769 210 257 439 456 974 504 326 24 597 919 167 597 218 810 472 76 773 611 233 89 598 826 72 505 986 640 255 114 412 560 60 559 645 921 444 122 474 592 494 449 252 747 629 813 990 23 16 13 213 922 167 489 300 798 200 763 521 271 713 787 500 408 760 301 314 529 876 785 942 961 642 112 309 603 743 479 600 634 991 731 111 209 287 643 316 494 
29 9893 288 395 879 640 55 926 703 565 427 969 355 245 108 253 83 996 594 700 347 886 782 977 76 364 709 329 667 588 11 382 59 894 209 153 746 397 401 979 50 176 463 583 518 29 346 0 776 249 570 577 682 402 502 769 128 569 520 950 337 31 645 950 983 847 745 555 998 314 901 666 400 764 29 348 979 677 351 495 200 563 808 312 155 606 13 344 912 512 832 273 102 548 194 192 96 242 213 583 604 689 
30 3039 713 46 967 839 673 543 602 567 769 860 568 170 493 159 781 281 787 893 564 404 819 690 40 898 998 577 944 21 433 377 790 641 565 626 891 700 187 859 190 30 572 605 364 612 930 929 179 869 902 880 567 91 325 671 375 592 978 946 288 672 526 975 852 3 387 121 113 513 737 421 794 374 373 626 518 184 650 542 21 931 213 27 831 841 749 460 392 705 459 66 75 763 496 898 82 765 60 856 678 273 
31 4512 565 736 823 359 459 68 29 897 923 494 216 962 830 137 696 265 316 895 258 488 145 577 984 200 490 652 972 187 500 98 68 430 472 307 197 435 984 520 384 138 837 759 67 109 130 731 790 268 342 661 867 830 735 533 118 710 940 704 263 86 65 357 82 361 165 767 908 227 425 846 579 54 894 940 420 334 111 329 354 371 483 433 743 970 731 154 43 321 280 351 873 798 907 904 589 906 513 342 962 78 
32 4144 492 40 549 548 133 805 35 302 118 711 405 528 924 689 110 372 115 731 543 386 670 626 80 727 661 961 6 227 232 961 50 666 368 284 744 97 404 346 328 574 751 276 422 112 816 102 172 241 564 247 107 976 712 946 407 567 14 660 820 863 601 98 924 631 856 924 976 682 784 760 51 142 352 561 691 712 758 972 796 265 115 750 961 615 494 845 975 816 822 244 727 820 584 161 201 843 804 665 806 289 
33 3484 358 756 567 511 170 699 649 370 886 342 713 852 492 273 709 0 932 699 205 410 365 325 341 284 531 98 243 530 308 10 745 849 46 717 751 289 800 153 88 239 20 887 199 327 821 430 509 188 408 209 808 572 766 430 512 773 185 552 118 823 745 585 725 444 323 927 940 215 244 980 36 921 148 228 682 563 175 38 109 979 70 858 44 573 287 77 264 92 691 221 97 936 963 743 743 967 280 96 727 286 
34 4492 322 348 942 635 881 463 48 90 919 448 267 307 716 677 145 860 519 371 251 212 478 153 595 43 920 160 297 605 653 44 970 209 544 717 796 441 79 187 741 192 117 308 912 102 572 811 488 511 228 451 228 504 418 605 992 160 767 181 277 577 746 170 202 782 227 686 945 120 775 843 71 204 893 314 744 32 932 897 272 359 897 965 969 918 851 112 791 583 155 852 723 70 243 727 386 273 172 636 820 818 
35 6777 765 933 940 727 935 562 267 24 729 636 620 435 220 391 399 310 679 120 672 173 66 417 551 729 680 394 942 397 795 822 277 68 627 692 309 319 486 133 573 793 443 186 600 970 364 378 483 44 654 579 885 130 556 112 82 509 339 568 145 141 234 320 832 164 452 181 314 586 124 193 306 902 522 999 699 850 390 783 302 22 731 238 769 554 903 527 318 605 357 718 328 861 869 651 410 758 602 705 52 664 
36 8631 448 419 734 790 619 414 641 135 429 582 931 944 631 970 189 528 352 508 760 730 124 33 232 457 121 534 395 785 33 713 910 503 570 458 390 416 60 332 128 279 106 643 176 674 766 224 0 697 244 494 435 799 533 897 149 601 7 321 342 54 406 580 896 777 202 563 690 913 804 136 315 347 573 395 883 643 117 361 171 522 831 712 808 249 162 648 724 747 551 479 583 803 532 31 415 204 955 465 174 136 
37 8221 602 424 706 560 347 895 919 625 307 104 956 708 193 779 108 696 110 290 184 967 313 820 771 589 538 480 157 409 492 98 285 473 600 897 568 762 599 775 912 705 79 420 797 439 560 963 747 289 198 396 47 435 719 475 41 223 666 319 857 112 566 439 905 706 94 392 988 847 845 803 378 235 790 959 685 556 31 698 881 565 924 813 312 106 188 688 40 549 74 383 367 583 199 893 882 859 141 789 866 447 
38 4348 979 415 566 645 778 106 563 416 36 572 613 392 528 801 99 805 319 538 152 514 339 594 306 501 872 448 756 892 186 945 167 62 22 464 515 944 154 389 929 122 752 220 996 799 748 179 502 250 945 648 82 833 73 289 737 173 509 178 693 591 898 811 579 390 368 313 370 81 585 707 93 147 337 574 741 438 898 953 370 792 864 829 862 971 691 46 299 511 657 991 434 579 460 894 223 427 175 89 886 542 
39 8052 75 464 83 2 723 347 694 623 476 730 300 90 882 482 963 516 303 385 404 884 148 209 286 627 469 608 833 316 268 287 908 683 355 418 117 676 103 780 47 786 945 574 232 357 953 400 935 92 343 355 336 480 257 721 239 369 654 214 867 386 665 266 854 437 249 300 28 8 490 475 68 469 399 866 643 119 530 544 109 179 291 541 383 452 267 139 58 880 410 487 378 696 443 986 148 415 305 425 191 364 
40 1076 338 426 972 721 536 178 547 446 310 801 758 116 239 216 527 471 101 457 567 543 843 810 277 104 77 652 208 915 76 573 831 121 739 880 814 640 486 79 532 878 563 419 28 632 718 100 149 508 715 243 61 702 667 202 879 499 638 322 623 314 505 735 212 639 522 285 734 725 584 182 682 346 637 466 407 496 213 892 483 358 556 317 208 380 311 185 971 818 238 208 687 581 931 833 32 716 995 589 688 392 
41 7010 914 325 713 334 538 531 209 930 44 411 347 670 674 76 913 97 984 741 599 913 452 647 638 544 614 531 847 939 834 852 899 543 297 509 189 926 326 256 114 42 603 534 143 569 402 947 483 318 418 93 720 169 292 967 251 502 422 671 873 601 154 620 349 985 948 998 323 152 614 655 401 691 207 173 758 235 684 327 112 231 900 653 404 980 59 331 32 933 193 130 979 698 780 605 688 739 76 277 13 222 
42 3509 21 101 988 90 365 549 121 796 938 670 66 437 764 220 790 177 640 433 930 457 308 693 415 33 639 705 516 485 548 495 812 292 865 90 14 79 870 216 145 109 721 867 19 630 488 78 510 165 15 752 559 338 321 886 405 332 773 34 999 571 734 354 69 719 919 87 817 594 162 802 695 84 835 260 256 671 607 232 520 634 796 131 852 553 4 775 793 187 275 152 837 327 474 516 609 719 130 657 413 649 
43 4948 696 630 281 660 246 911 349 620 281 671 291 541 554 811 413 913 918 168 201 634 381 648 336 127 251 513 545 666 204 790 853 611 627 274 350 792 70 89 46 746 168 281 934 28 851 407 824 321 218 593 73 557 884 22 777 773 173 337 542 915 981 902 408 313 671 423 35 49 818 860 738 922 177 135 458 252 695 579 285 218 923 595 595 968 672 514 423 206 239 99 152 480 82 673 109 897 247 340 177 465 
44 4789 266 992 804 939 491 849 428 601 234 887 317 624 172 651 14 595 649 639 943 752 291 907 187 445 995 347 431 117 757 706 293 651 317 972 767 427 72 189 989 929 250 317 46 253 792 222 55 350 922 385 217 357 871 437 78 853 729 103 705 388 876 649 6 128 989 434 904 958 71 651 587 884 472 856 554 90 389 380 675 477 794 214 982 42 267 461 414 930 704 954 226 509 365 126 295 314 232 729 27 193 
45 2354 504 93 513 713 376 708 756 367 292 674 359 698 274 910 141 375 796 675 146 721 73 221 274 363 351 70 512 959 802 669 137 440 110 598 707 758 346 93 216 600 218 70 224 33 305 389 329 560 350 562 815 545 222 634 820 478 630 460 874 56 189 77 138 540 925 408 202 358 827 13 781 428 514 103 143 168 643 531 628 655 126 990 93 912 760 130 629 785 366 813 391 377 22 221 888 519 499 51 577 233 
46 5261 493 103 662 626 229 30 441 216 162 401 964 221 97 982 529 639 92 526 829 52 693 900 742 27 788 423 913 474 273 253 72 534 274 179 582 96 123 644 159 545 829 355 256 824 238 325 68 405 619 679 623 278 887 82 943 523 185 122 727 588 39 498 534 852 816 350 934 561 680 588 596 748 798 544 774 219 988 812 172 197 533 601 650 726 397 461 740 422 535 710 437 672 532 421 245 863 299 300 936 748 
47 1114 306 997 533 53 361 224 785 137 973 451 748 373 148 861 172 447 405 860 232 682 254 985 650 155 977 800 598 622 56 273 482 452 90 573 205 296 545 785 992 699 185 486 385 395 520 675 485 478 125 1 52 189 163 783 541 526 963 764 680 400 992 98 679 550 73 507 660 949 180 103 407 904 667 825 29 577 260 980 631 148 677 829 577 336 193 711 456 488 19 670 327 971 822 36 350 76 232 949 389 153 
48 7237 292 687 199 482 986 194 612 257 134 665 338 960 977 94 124 442 120 601 97 633 20 349 388 605 176 598 17 387 17 478 767 852 937 585 254 538 454 988 916 741 963 739 144 717 49 486 271 353 827 277 632 131 283 153 424 746 80 622 580 205 800 604 369 773 90 948 955 585 685 113 621 287 762 98 883 534 618 227 214 711 119 876 587 688 899 737 572 989 776 713 191 192 353 39 254 913 273 717 406 218 
49 1918 866 577 814 293 81 89 843 224 386 109 645 752 885 677 319 277 692 42 428 763 258 493 703 701 651 440 73 475 924 932 874 97 134 356 584 789 119 517 917 376 627 830 630 950 885 837 884 792 207 764 494 6 734 351 932 839 898 659 399 154 698 75 836 31 402 245 204 952 740 138 874 553 206 973 482 406 551 217 87 791 60 385 968 942 716 846 920 730 833 365 380 240 260 597 230 235 746 253 624 949 
50 6063 144 676 202 973 847 363 282 650 189 476 587 625 273 970 474 870 278 550 304 105 728 849 127 926 479 25 6 837 105 137 421 300 944 128 739 372 486 776 209 46 342 442 463 871 514 965 975 956 166 549 461 954 641 981 681 103 918 34 613 940 247 380 475 761 168 879 547 442 637 571 286 694 485 221 672 357 911 764 287 829 250 488 72 215 712 298 235 296 334 914 291 911 843 336 685 845 662 423 981 814 
